000000000000000000000000
000000000000000000000000
000000000000000000000000
100000000300000000010000
000000000000000000000000
000000000000000000000000
000000000000000000000000
000000000000000000000000
000000000400000000000000
200000000000000000020000
000000000000000000000000
000000000000000000000000
000000000000000000000000
000000000000000000000000
000000000000000000000000
500000000000000000050000
000000000000000000000000
000000000070000000000000
000000000000000000000000
600000000000000000060000
000000000000000000000000
000000000000000000000000
000000000000000000000000
700000000000000000070000
000000000010000000000000
000000000000000000000000
000000000000000000000000
000000000000000000000000
000000100000001000000000
000000000000000000000000
000000000000000000000000
000000000000000000000000
000000000000000000000000
010000000010000000010000
000000000000000000000000
000000000000000000000000
000000000000000000000000
000000000000000000000000
400000000040000000040000
000000000000000000000000
