100001000010000100001000
000000000000000000000000
000000000000000000000000
000000000000000000000000
000200002000020000200000
000000000000000000000000
000000000000000000000000
000000000000000000000000
300003000030000300003000
000000000000000000000000
000000000000000000000000
000000000000000000000000
000000000000000000000000
000000000070000000000000
000000000000000000000000
000000000000000000000000
000000000000000000000000
006000000000000006000000
000000000000000000000000
000000000000000000000000
000000000000000000700000
000000000000000000000000
000000000000000000000000
000000000000000000000000
000000000000000000000000
000000000000000000000000
070000000000000000000000
000000000000000000000000
000000000000000000000000
000000000000000000000000
000000700000000000000000
000000000000000000000000
000000000000000000000000
000000000000700000000000
000000000000000000000000
000000000000000000000000
000000000000000000000000
000000000000000000000000
000000000000000000000000
000000000000000000000000
